12
69 304
174 333
110 449
335 139
244 280
355 284
487 191
417 388
504 349
681 125
589 282
725 279

# comment
3
0 0
600 0
600 600
3
1 1
1 2
2 1
3
0 0
800 0
0 600
#雙點測試
2
289 290
342 541
#雙點測試 水平
2
200 200
400 200
#雙點測試 垂直
2
200 200
200 400
#雙點測試 重覆
2
200 200
200 200
#=============================================================================
#三點測試 水平
3
200 200
300 200
400 200
#三點測試 垂直
3
200 200
200 300
200 400
#三點測試 直角三角形
3
200 200
300 200
200 300
3
300 300
300 200
200 300
#三點測試 銳角三角形
3
147 190
164 361
283 233
#三點測試 鈍角三角形
3
398 93
233 263
345 197
#三點測試 y=2x 三點共線
3
10 20
20 40
200 400
#三點測試 x=4y 三點共線
3
4 1
100 25
400 100
2
200 200
200 200
2
289 290
342 541
2
400 100
400 500
2
100 400
500 400
3
200 200
200 200
400 599
3
217 134
547 123
364 270
#QQ
3
346 106
162 186
459 197
3
531 76
531 344
265 228
3
450 184
368 184
407 86
3
100 184
500 184
300 86
3
200 200
200 200
200 200
# haha
3
300 300
100 300
500 300
3
300 300
300 100
300 500
0
-1 -1
456 456
800 600
# something else?